0 424 mg_noIBX_log complex_id
614 164        0.019725698
614 10      0.00868246581
614 276       0.0104573033
614 225      0.00962168304
614 277      0.00541303154
614 224      0.00613938161
614 162      0.00714527764
614 316      0.00684716471
614 610       0.0168828712
614 609        0.014321921
614 611       0.0137815494
614 607       0.0195875452
614 318        0.020135732
614 9       0.0037938775
614 8      0.00916399315
614 314      0.00518219495
614 313       0.0101824284
614 312       0.0157791966
614 160      0.00911166903
614 159       0.0163435459
614 612        0.015761865
614 613        0.015311883
614 223       0.0161359997
614 399        0.017962974
611 228       0.0138940678
611 321       0.0179486671
611 320       0.0141879256
611 165       0.0143611066
611 164       0.0067618862
611 471       0.0143298454
611 14       0.0145502276
611 405       0.0159123177
611 13       0.0103119372
611 10      0.00539536952
611 276       0.0131238618
611 225      0.00689883267
611 277      0.00927179672
611 224       0.0130499113
611 162       0.0068973814
611 316      0.00705057836
611 610       0.0108890264
611 609      0.00464665463
611 403       0.0111227266
611 404       0.0131027531
611 607      0.00611065148
611 318      0.00639946056
611 319       0.0103070331
611 9       0.0112896361
611 8       0.0168752863
611 614       0.0137815494
611 314        0.018491454
611 612       0.0171664899
601 228      0.00706691284
601 167      0.00611780776
601 323       0.0067753279
601 321      0.00324664357
601 618      0.00508157775
601 320      0.00661835781
601 165      0.00811555139
601 164       0.0151269198
601 471       0.0185619779
601 14      0.00909149356
601 405         0.01132338
601 602      0.00780856574
601 16      0.00904525355
601 407       0.0102140085
601 118       0.0126201508
601 119       0.0174977149
601 17       0.0134673667
601 103       0.0179273931
601 232       0.0163689727
601 231        0.019930562
601 169       0.0185543824
601 325       0.0172130866
601 324       0.0122231998
601 623       0.0193063024
601 168       0.0130358553
601 409       0.0155065998
601 619       0.0124055039
601 13        0.011874079
601 403       0.0177128777
601 404       0.0144636988
601 607       0.0154038106
601 318       0.0142382643
601 319       0.0103818096
635 169       0.0201736312
635 326       0.0181647555
635 22      0.00497691142
635 20       0.0126174423
635 107       0.0046950422
635 622       0.0143538583
635 327       0.0137732408
635 624       0.0109450272
635 628      0.00944152698
635 328       0.0096292382
635 333      0.00607446987
635 413      0.00545034588
635 329      0.00530818879
635 414      0.00274350401
620 28       0.0176163745
620 26      0.00919501822
620 237       0.0136676509
620 236      0.00709940955
620 334      0.00488095902
620 173       0.0060970105
620 617       0.0157366601
620 176       0.0181539197
620 292       0.0164487134
620 337       0.0113124942
620 175      0.00737901958
620 336      0.00619446083
620 636        0.004118777
620 235      0.00903660428
620 339        0.019891548
617 341       0.0181148823
617 28      0.00867062515
617 26      0.00762810327
617 620       0.0157366601
617 237       0.0176854148
617 236       0.0132229216
617 173       0.0198155949
617 177        0.011984408
617 290       0.0183343342
617 176      0.00430973188
617 291       0.0116326758
617 292      0.00381727746
617 337      0.00489793731
617 175      0.00840834809
617 336      0.00967946131
617 636       0.0119978464
617 235       0.0194262743
617 240       0.0180667619
617 608       0.0176528381
617 339      0.00428326444
617 340       0.0111869983
617 41      0.00894260992
626 141      0.00439037997
626 179       0.0129141858
626 343      0.00824888927
626 354       0.0110369794
626 353      0.00842581125
626 355       0.0162529875
626 43       0.0154771725
626 42      0.00958345795
626 341      0.00587504206
626 177       0.0146184045
626 289       0.0198002946
626 290       0.0184124383
626 291       0.0193745233
626 627       0.0107359653
626 344       0.0165644683
626 339       0.0193834536
626 340       0.0132295945
626 41       0.0151609349
626 180       0.0201600787
604 150        0.015980761
604 149        0.016287137
604 151       0.0187443951
604 303       0.0200945409
604 605       0.0189727325
604 220       0.0126580976
604 377       0.0174780094
604 391       0.0152877734
604 437        0.012923325
604 436       0.0114748539
604 603      0.00964413766
604 434       0.0142808157
604 387        0.014499319
604 218      0.00933779756
604 388      0.00874153518
604 386       0.0198487752
604 217       0.0167711172
603 376       0.0133404397
603 375        0.018396811
603 150       0.0188860708
603 438       0.0143526545
603 151       0.0183314602
603 220       0.0162097426
603 377      0.00796710013
603 391      0.00588513403
603 437      0.00943123123
603 436       0.0109151874
603 604      0.00964413766
603 434      0.00955439054
603 218        0.017617142
603 388       0.0180466471
603 433       0.0193213939
603 392       0.0177396113
628 17       0.0174793674
628 103       0.0172545202
628 234       0.0180336005
628 231       0.0162873583
628 169       0.0110477952
628 326      0.00927824529
628 325       0.0128603697
628 324       0.0183296045
628 623       0.0112630968
628 168       0.0166507346
628 409       0.0162348455
628 619       0.0198673726
628 22      0.00620652807
628 20      0.00330709474
628 107      0.00483796214
628 622      0.00509695768
628 327      0.00557516687
628 624      0.00304247903
628 328      0.00468718616
628 333      0.00350288497
628 413      0.00475397961
628 329      0.00647877617
628 414      0.00815866188
628 635      0.00944152698
628 334       0.0194155272
613 222       0.0151822934
613 10       0.0167443144
613 276      0.00798876763
613 225       0.0142684012
613 277       0.0140270796
613 224      0.00993368246
613 162       0.0183720108
613 316       0.0162595251
613 610       0.0144007625
613 609       0.0178466432
613 9       0.0132088649
613 8      0.00614849691
613 614        0.015311883
613 314       0.0181855773
613 160       0.0156978345
613 159       0.0193770749
613 612      0.00599750425
613 223      0.00252859571
613 477        0.011087965
613 398       0.0134714183
613 399       0.0066922799
610 228       0.0179479284
610 320       0.0199346063
610 164       0.0160343806
610 14       0.0160588591
610 405       0.0152466332
610 13       0.0130625676
610 10       0.0104171091
610 276       0.0084492765
610 225      0.00776276333
610 277       0.0116814097
610 224       0.0119803431
610 162       0.0135602423
610 316       0.0117006611
610 609      0.00624560496
610 403      0.00756219978
610 611       0.0108890264
610 404        0.011281689
610 607       0.0107860576
610 318       0.0137930139
610 319       0.0167033258
610 9       0.0130943036
610 8       0.0134322589
610 614       0.0168828712
610 612      0.00870120679
610 613       0.0144007625
610 223       0.0169166717
602 228      0.00817372411
602 601      0.00780856574
602 167       0.0104413364
602 323       0.0125974009
602 321      0.00955304826
602 618       0.0128478042
602 320       0.0104275986
602 165       0.0132529673
602 164       0.0174760259
602 14      0.00632851229
602 405      0.00613129984
602 16      0.00522920049
602 407      0.00505444597
602 118      0.00483284469
602 119      0.00970317328
602 17       0.0129755196
602 103       0.0151942905
602 232        0.011673804
602 231        0.017127164
602 325       0.0200173348
602 324       0.0164306622
602 623         0.01926409
602 168       0.0159881634
602 409       0.0144279717
602 625       0.0168117105
602 619       0.0107071703
602 13       0.0105697663
602 403       0.0138163449
602 404       0.0100953069
602 607       0.0147948973
602 318       0.0153204015
602 319       0.0125017133
619 228       0.0174681623
619 601       0.0124055039
619 167      0.00842370799
619 323       0.0108147125
619 321       0.0156256045
619 618       0.0161823035
619 320       0.0184763761
619 14       0.0168360763
619 405       0.0167721084
619 602       0.0107071703
619 16      0.00549101905
619 407      0.00622955747
619 118       0.0117952465
619 119       0.0148029396
619 17      0.00260497586
619 103      0.00553769341
619 234       0.0130018346
619 232      0.00591913492
619 231      0.00752849807
619 169       0.0109022259
619 326       0.0130669244
619 325       0.0111892079
619 324       0.0102815459
619 623      0.00861293358
619 168      0.00833067808
619 409      0.00372094279
619 625       0.0104707586
619 20       0.0168879436
619 622       0.0149838645
619 327       0.0171455468
619 624       0.0191951142
619 628       0.0198673726
623 601       0.0193063024
623 167       0.0136370149
623 323       0.0149033807
623 602         0.01926409
623 16       0.0140854434
623 407       0.0148096263
623 17      0.00632095357
623 103      0.00684942892
623 234       0.0115398587
623 232       0.0116339681
623 231      0.00684079689
623 169      0.00511070138
623 326      0.00633608843
623 325      0.00704990366
623 324       0.0106823731
623 168      0.00816187442
623 409      0.00497844565
623 625       0.0128067163
623 619      0.00861293358
623 22       0.0171664716
623 20      0.00838466902
623 107       0.0160997923
623 622      0.00639707578
623 327      0.00926476856
623 624       0.0108478784
623 628       0.0112630968
623 328       0.0134866991
623 333       0.0146195328
623 413       0.0158580526
623 329        0.017305957
623 414       0.0193550413
622 167       0.0194608658
622 17       0.0127142723
622 103       0.0121582103
622 234       0.0136045717
622 232       0.0172114813
622 231       0.0112429061
622 169      0.00780828208
622 326      0.00690863923
622 325       0.0100197366
622 324       0.0151816537
622 623      0.00639707578
622 168       0.0130730279
622 409       0.0112941681
622 625       0.0168487855
622 619       0.0149838645
622 22       0.0112655285
622 20      0.00321454942
622 107      0.00988634331
622 327      0.00597084383
622 624      0.00581167887
622 628      0.00509695768
622 328      0.00852466099
622 333      0.00828000272
622 413      0.00984233839
622 329       0.0114961372
622 414       0.0132504706
622 635       0.0143538583
622 334       0.0189782967
622 173       0.0191330791
616 452       0.0148463212
616 453      0.00772315544
616 455      0.00505456328
616 456       0.0116714772
616 266        0.010287131
616 265       0.0171673181
616 268      0.00766612666
616 269       0.0158750408
606 463      0.00627224689
606 283       0.0183840259
606 460       0.0142654878
606 6           0.013553
606 273      0.00800154641
606 272       0.0169730788
606 461      0.00593037781
606 5       0.0182288897
606 221      0.00739555677
606 222       0.0142118458
606 282      0.00561040462
606 464      0.00966802079
605 150       0.0102558846
605 149      0.00462471894
605 304        0.017577049
605 151       0.0164454654
605 303      0.00830335241
605 220       0.0106294661
605 147      0.00675501379
605 146       0.0112158455
605 145       0.0192381062
605 436       0.0170943831
605 604       0.0189727325
605 301       0.0108493114
605 300       0.0179355619
605 388        0.019139146
167 228       0.0130377098
167 601      0.00611780776
167 323       0.0026434782
167 321      0.00908901425
167 618      0.00816323037
167 320       0.0127005627
167 165       0.0137881377
167 14       0.0143079008
167 405       0.0158031482
167 602       0.0104413364
167 16      0.00811874719
167 407      0.00969779774
167 118       0.0143820809
167 119       0.0189177672
167 17      0.00848203572
167 103       0.0137365121
167 232       0.0138312091
167 231       0.0156028076
167 169       0.0124492149
167 326       0.0145039747
167 325       0.0111075551
167 324      0.00635924154
167 623       0.0136370149
167 168      0.00691866006
167 409       0.0105825651
167 625       0.0188228931
167 619      0.00842370799
167 20       0.0201285972
167 622       0.0194608658
167 327       0.0190050004
167 13       0.0176752582
167 404       0.0194581907
167 319        0.016497334
624 17       0.0166706247
624 103       0.0174194277
624 234       0.0194103788
624 231       0.0167831314
624 169      0.00928810246
624 326       0.0072246879
624 325       0.0107612895
624 324       0.0161978376
624 623       0.0108478784
624 168       0.0148121076
624 409       0.0157502925
624 619       0.0191951142
624 22      0.00658366002
624 20      0.00266156782
624 107      0.00630901333
624 622      0.00581167887
624 327      0.00288914092
624 628      0.00304247903
624 328      0.00274608016
624 333      0.00579960139
624 413      0.00554982218
624 329      0.00661919121
624 414      0.00899963767
624 635       0.0109450272
636 28       0.0153547476
636 26       0.0050843387
636 620        0.004118777
636 237       0.0146152924
636 236      0.00742895659
636 334      0.00828480446
636 173      0.00807603894
636 617       0.0119978464
636 176       0.0141053795
636 292       0.0123840579
636 337      0.00734347799
636 175      0.00411624902
636 336       0.0023291039
636 235      0.00913865006
636 339       0.0162452712
627 141      0.00634773489
627 179      0.00593703059
627 343        0.012593506
627 354       0.0190533244
627 353       0.0142728552
627 341       0.0120672867
627 177       0.0097690903
627 289       0.0090862182
627 290      0.00872380543
627 176       0.0183391629
627 291       0.0126769753
627 292       0.0200003892
627 288       0.0154137073
627 626       0.0107359653
627 344          0.0183106
627 339       0.0187611738
627 340        0.015793574
627 41       0.0165061417
627 180       0.0155162305
621 186       0.0153039407
621 185      0.00893992058
621 133      0.00376758304
621 91      0.00601149066
621 90       0.0126979765
621 89       0.0197449915
621 182       0.0164301666
621 129       0.0167082141
621 130      0.00987286807
621 94       0.0143099226
621 131      0.00403310526
621 93      0.00729287385
621 183      0.00761033744
621 348       0.0169791787
621 351       0.0201159969
621 134      0.00982196528
621 350       0.0171139312
621 135       0.0153325272
621 349       0.0154990142
151 153       0.0159068037
151 152      0.00769700006
151 150       0.0063396395
151 149       0.0120336975
151 306       0.0168839906
151 305      0.00985861172
151 438       0.0111023345
151 304      0.00639332152
151 303      0.00928250182
151 605       0.0164454654
151 220      0.00804536842
151 391        0.018439663
151 437      0.00908646714
151 436      0.00779845658
151 603       0.0183314602
151 604       0.0187443951
151 439       0.0170769635
609 228       0.0146790878
609 321       0.0195403523
609 320       0.0158855413
609 165       0.0168571043
609 164       0.0102724931
609 471       0.0187366004
609 14       0.0140961813
609 405       0.0145445418
609 13        0.010106873
609 10      0.00594395906
609 276       0.0101213109
609 225      0.00502946232
609 277      0.00898933152
609 224       0.0115255501
609 162      0.00886162029
609 316      0.00772852064
609 610      0.00624560496
609 403      0.00802917432
609 611      0.00464665463
609 404       0.0109968794
609 607      0.00636555437
609 318      0.00860297816
609 319       0.0121785978
609 9       0.0109573934
609 8       0.0146560524
609 614        0.014321921
609 314       0.0194472464
609 612       0.0131997321
609 613       0.0178466432
609 223       0.0201679068
607 228      0.00837344106
607 601       0.0154038106
607 321       0.0131795997
607 618       0.0170185229
607 320      0.00955596747
607 165       0.0108203068
607 164      0.00610657484
607 471       0.0153487352
607 14      0.00846639866
607 405      0.00986339177
607 602       0.0147948973
607 16       0.0198887036
607 407       0.0198459969
607 118       0.0168864412
607 119       0.0197100209
607 13      0.00422627747
607 10       0.0109210952
607 276       0.0164649167
607 225       0.0111517356
607 277       0.0146218402
607 224       0.0177268377
607 162       0.0129534735
607 316       0.0127416102
607 610       0.0107860576
607 609      0.00636555437
607 403      0.00681540566
607 611      0.00611065148
607 404       0.0075051206
607 318      0.00325345512
607 319      0.00599242407
607 9       0.0166697826
607 614       0.0195875452
607 612       0.0190212377
612 222       0.0177056702
612 10       0.0138915825
612 276      0.00552139824
612 225       0.0109232021
612 277       0.0124466825
612 224      0.00962284846
612 162       0.0163224543
612 316       0.0140668577
612 610      0.00870120679
612 609       0.0131997321
612 403       0.0161499871
612 611       0.0171664899
612 404       0.0198273874
612 607       0.0190212377
612 9       0.0125392967
612 8      0.00800934345
612 614        0.015761865
612 314       0.0199233976
612 160       0.0192007283
612 613      0.00599750425
612 223      0.00850993246
612 477       0.0166456439
612 398       0.0194429106
612 399       0.0126759551
625 167       0.0188228931
625 602       0.0168117105
625 16       0.0128193092
625 407       0.0120501042
625 118       0.0144807133
625 119       0.0139209143
625 17       0.0115301933
625 103      0.00640272983
625 234      0.00531897643
625 232      0.00539167203
625 231      0.00598071252
625 169       0.0176124667
625 326       0.0191296167
625 325       0.0190154249
625 324        0.020131215
625 623       0.0128067163
625 168       0.0177514233
625 409       0.0101214048
625 619       0.0104707586
625 20       0.0198891621
625 622       0.0168487855
625 173       0.0193234742
625 235       0.0170967236
608 28      0.00899005687
608 241       0.0139671968
608 31       0.0136083782
608 30      0.00641533807
608 238      0.00754911005
608 237       0.0114466523
608 236       0.0156915797
608 617       0.0176528381
608 337        0.019644061
608 175       0.0183740377
608 240      0.00973140239
608 339       0.0173163488
608 340       0.0185919964
608 41       0.0178922383
629 101      0.00856998848
629 120      0.00716476814
629 100      0.00704843575
629 99       0.0101581595
629 98       0.0163667705
629 124       0.0123807126
629 123       0.0102866736
629 122      0.00688807292
629 125       0.0191364887
629 288       0.0189452511
629 287       0.0130648653
629 286      0.00735523912
629 284       0.0112157651
629 283       0.0182829348
618 228      0.00965395349
618 601      0.00508157775
618 167      0.00816323037
618 323      0.00695597247
618 321      0.00432090199
618 320      0.00748224866
618 165      0.00691293642
618 164       0.0148084555
618 471       0.0155486136
618 14       0.0128265788
618 405       0.0155421384
618 602       0.0128478042
618 16        0.013801633
618 407       0.0151033459
618 118       0.0176755294
618 17       0.0166082708
618 169       0.0197549524
618 325       0.0179652389
618 324       0.0125090106
618 168       0.0141990031
618 409       0.0187124345
618 619       0.0161823035
618 13        0.014398942
618 404       0.0180780841
618 607       0.0170185229
618 318       0.0149486245
618 319       0.0111458405
630 111      0.00528051799
630 127      0.00768211437
630 110       0.0101198307
630 126       0.0129692128
630 109       0.0173945356
630 114        0.015512239
630 113      0.00778467175
630 96       0.0179620938
630 129      0.00886533148
630 95       0.0143391424
630 130       0.0134510901
630 94       0.0140190016
630 131       0.0180937912
630 93       0.0167987741
615 245        0.020075707
615 75       0.0142311845
615 74      0.00796393722
615 60       0.0154323831
615 61       0.0107602741
615 62      0.00589094118
615 64      0.00646824737
615 65       0.0127928313
615 66        0.018426306
615 72        0.010439443
615 71       0.0177862496
461 463       0.0120798904
461 4       0.0184988183
461 460       0.0109850831
461 459       0.0175567707
461 6      0.00779408808
461 273      0.00336816894
461 272       0.0115135611
461 5       0.0123144798
461 221      0.00447767763
461 222       0.0152035088
461 282       0.0115386209
461 464       0.0155658465
461 606      0.00593037781
359 358      0.00717234425
359 357       0.0123325234
359 356       0.0181104538
359 50       0.0192305635
359 49       0.0152972262
359 48       0.0144441118
359 47         0.01531657
359 46       0.0181519774
223 222       0.0143971745
223 10       0.0186357361
223 276       0.0101449379
223 225       0.0163438004
223 277       0.0156242397
223 224       0.0113560212
223 162       0.0199894615
223 316        0.017971686
223 610       0.0169166717
223 609       0.0201679068
223 9       0.0145450421
223 8       0.0072362891
223 614       0.0161359997
223 314       0.0183497939
223 160       0.0150419225
223 159       0.0178531598
223 612      0.00850993246
223 613      0.00252859571
223 477      0.00874697782
223 397       0.0182116266
223 398       0.0109436375
223 399      0.00416715646
223 476       0.0195221648
42 141       0.0139461768
42 343       0.0143718715
42 354       0.0114516898
42 353        0.013153073
42 355        0.013027953
42 356       0.0166303542
42 43      0.00636644995
42 44       0.0111114025
42 45       0.0177258682
42 341        0.010589229
42 241       0.0172921661
42 242       0.0173318529
42 240       0.0186498024
42 626      0.00958345795
42 340       0.0162164004
42 41       0.0184581889
135 186       0.0133980951
135 185       0.0112480463
135 133       0.0115857207
135 91       0.0130950756
135 621       0.0153325272
135 90       0.0165685209
135 131       0.0193645389
135 183       0.0182739659
135 347       0.0159666453
135 348      0.00850633564
135 138       0.0174309867
135 137       0.0135087239
135 136      0.00547137515
135 352       0.0166376943
135 351       0.0112647191
135 134      0.00551084903
135 350      0.00570730979
135 349      0.00194753819
349 186       0.0151885465
349 185       0.0125057159
349 133       0.0118478437
349 91       0.0140005849
349 621       0.0154990142
349 90       0.0180628669
349 346       0.0201987963
349 131       0.0195161933
349 183        0.017607147
349 347       0.0140323285
349 348      0.00657040006
349 138       0.0168715657
349 137       0.0132766264
349 136      0.00576226943
349 352       0.0185683016
349 351       0.0131945087
349 134        0.005871004
349 350      0.00763459914
349 135      0.00194753819
35 32       0.0198834038
35 72       0.0160162878
35 33       0.0109282457
35 34      0.00534240189
35 71       0.0088110753
35 36      0.00843220262
35 37        0.013900577
293 296       0.0184993371
293 295        0.012127187
293 294      0.00512014941
293 380       0.0179819981
293 211       0.0196752647
293 379       0.0168582676
293 378       0.0200902649
294 212       0.0191594635
294 381       0.0173062724
294 296        0.013506693
294 295      0.00703427445
294 293      0.00512014941
294 380       0.0156027133
294 211       0.0178620478
294 379       0.0169441174
295 213       0.0189354383
295 212       0.0164116577
295 381        0.013483205
295 382       0.0164966302
295 297        0.014060006
295 143       0.0185269771
295 298       0.0199574389
295 296      0.00658916034
295 294      0.00703427445
295 293        0.012127187
295 380        0.015741348
295 211       0.0185645619
295 379       0.0201987939
296 213       0.0179425458
296 212        0.017997488
296 381       0.0143684811
296 382       0.0146846101
296 297      0.00747424866
296 383        0.017215633
296 143       0.0119779692
296 298       0.0134030475
296 144       0.0196575304
296 295      0.00658916034
296 294        0.013506693
296 293       0.0184993371
296 380       0.0198003659
297 214       0.0197383547
297 213       0.0193310839
297 381       0.0181831483
297 382       0.0157169624
297 383       0.0158674311
297 143      0.00481941739
297 298       0.0059844948
297 384       0.0177029971
297 144       0.0126267285
297 300       0.0200479837
297 299       0.0135885105
297 296      0.00747424866
297 295        0.014060006
298 215       0.0196666354
298 214       0.0199912317
298 382       0.0178806618
298 297       0.0059844948
298 383       0.0161835424
298 143      0.00361515283
298 384       0.0157727381
298 385       0.0176046774
298 145       0.0163467723
298 144      0.00849367418
298 300       0.0141574332
298 299       0.0078616726
298 296       0.0134030475
298 295       0.0199574389
299 297       0.0135885105
299 143      0.00941501195
299 298       0.0078616726
299 384       0.0192039576
299 385       0.0182775591
299 147       0.0193233492
299 146       0.0152530123
299 145      0.00877472604
299 144      0.00525469552
299 301       0.0136578284
299 300       0.0065709217
299 386       0.0194128208
300 297       0.0200479837
300 143       0.0159856992
300 298       0.0141574332
300 385       0.0188650192
300 605       0.0179355619
300 147       0.0129343272
300 146      0.00925651927
300 145      0.00609516472
300 144       0.0104868793
300 301      0.00708690736
300 299       0.0065709217
300 387       0.0190937199
300 386        0.018257333
301 149       0.0148887098
301 303       0.0191491444
301 605       0.0108493114
301 220       0.0199117219
301 147      0.00646348668
301 146      0.00489072888
301 145      0.00953490142
301 144       0.0171917952
301 300      0.00708690736
301 299       0.0136578284
301 387       0.0184044268
301 388       0.0185431238
301 386        0.019579095
303 152       0.0163810161
303 150      0.00487943696
303 149      0.00537296827
303 305       0.0148992243
303 304      0.00927475067
303 151      0.00928250182
303 605      0.00830335241
303 220      0.00773903075
303 147       0.0143219096
303 146       0.0189621717
303 437        0.016131969
303 436       0.0131962995
303 604       0.0200945409
303 301       0.0191491444
304 153       0.0155688038
304 152       0.0090715583
304 150      0.00969478236
304 149         0.01411058
304 306        0.013584294
304 305      0.00562447375
304 438       0.0156140893
304 151      0.00639332152
304 303      0.00927475067
304 605        0.017577049
304 220       0.0126685381
304 437       0.0153886362
304 436       0.0141444809
304 439       0.0194163703
305 154       0.0169659177
305 153       0.0109802136
305 152      0.00729724092
305 150       0.0148436634
305 149       0.0196504117
305 306      0.00795982066
305 438       0.0150690968
305 304      0.00562447375
305 151      0.00985861172
305 303       0.0148992243
305 220       0.0174721555
305 437       0.0175030949
305 436       0.0173075365
305 307       0.0176906233
305 439       0.0164348799
306 155       0.0149794861
306 154       0.0110610179
306 153      0.00750650551
306 152       0.0109696262
306 305      0.00795982066
306 438       0.0176538468
306 304        0.013584294
306 151       0.0168839906
306 307       0.0097308029
306 156       0.0197311896
306 308       0.0143774344
306 309       0.0189862654
306 441       0.0177581118
306 440       0.0160717547
306 439       0.0150691426
307 155      0.00927743294
307 154      0.00959738261
307 153       0.0122447563
307 152       0.0193502999
307 306       0.0097308029
307 305       0.0176906233
307 310       0.0160616368
307 156       0.0119294273
307 308      0.00464663254
307 309      0.00931217144
307 157       0.0160906742
307 441       0.0150254968
307 440       0.0155384877
307 439       0.0186150275
308 155      0.00931467079
308 154        0.012017119
308 153       0.0161670709
308 306       0.0143774344
308 311       0.0179613466
308 310       0.0114432897
308 307      0.00464663254
308 156      0.00954463588
308 309      0.00477351705
308 157       0.0125112919
308 158       0.0182168757
308 441       0.0158013382
308 440       0.0173231188
309 155       0.0102832958
309 154       0.0146276222
309 153       0.0198287384
309 306       0.0189862654
309 312       0.0193325525
309 311       0.0133466522
309 159       0.0184020614
309 310      0.00678990906
309 307      0.00931217144
309 156      0.00769447471
309 308      0.00477351705
309 157       0.0086294209
309 158       0.0135886148
309 441       0.0165611561
309 440       0.0189405813
310 155       0.0156600798
310 313       0.0182280489
310 312       0.0125446826
310 160       0.0187752282
310 311      0.00655718308
310 159       0.0124872974
310 307       0.0160616368
310 156       0.0110840918
310 308       0.0114432897
310 309      0.00678990906
310 157      0.00795963931
310 158      0.00874221082
311 314       0.0163417777
311 313       0.0117022214
311 312      0.00598888145
311 160       0.0130514123
311 159      0.00828276198
311 310      0.00655718308
311 156       0.0165362753
311 308       0.0179613466
311 309       0.0133466522
311 157       0.0119056494
311 158      0.00781187429
312 224       0.0201138642
312 9       0.0192842418
312 614       0.0157791966
312 314       0.0107413826
312 313      0.00585287707
312 160      0.00904735591
312 311      0.00598888145
312 159      0.00816639927
312 310       0.0125446826
312 309       0.0193325525
312 157       0.0170614215
312 158       0.0111697071
313 10       0.0186783636
313 276       0.0194906724
313 225       0.0198003783
313 277       0.0155945558
313 224       0.0151700284
313 162       0.0164929138
313 316       0.0168302188
313 9       0.0138512767
313 8       0.0161387823
313 614       0.0101824284
313 314      0.00501869405
313 312      0.00585287707
313 160      0.00625199816
313 311       0.0117022214
313 159       0.0102689011
313 310       0.0182280489
313 158       0.0150129658
314 10         0.01367587
314 276       0.0149987584
314 225       0.0148031797
314 277        0.010593454
314 224       0.0105967497
314 162       0.0116145978
314 316        0.011826265
314 609       0.0194472464
314 611        0.018491454
314 9      0.00891200185
314 8        0.012369102
314 614      0.00518219495
314 313      0.00501869405
314 312       0.0107413826
314 160      0.00618612294
314 311       0.0163417777
314 159       0.0128534978
314 612       0.0199233976
314 613       0.0181855773
314 223       0.0183497939
314 158       0.0181977755
314 399         0.01908922
316 164        0.013423198
316 471        0.018983557
316 13       0.0169407119
316 10       0.0018498727
316 276      0.00876512099
316 225      0.00396794972
316 277      0.00248573933
316 224      0.00678105722
316 162      0.00225570588
316 610       0.0117006611
316 609      0.00772852064
316 403       0.0157471311
316 611      0.00705057836
316 404       0.0186626147
316 607       0.0127416102
316 318       0.0134495832
316 319       0.0173545794
316 9      0.00433619384
316 8       0.0109451767
316 614      0.00684716471
316 314        0.011826265
316 313       0.0168302188
316 160       0.0157354592
316 612       0.0140668577
316 613       0.0162595251
316 223        0.017971686
318 228      0.00769978707
318 601       0.0142382643
318 321       0.0115557555
318 618       0.0149486245
318 320      0.00779418142
318 165      0.00829037665
318 164      0.00301843536
318 471       0.0121711417
318 14      0.00923034501
318 405       0.0114154652
318 602       0.0153204015
318 16       0.0201065464
318 118       0.0182056255
318 13      0.00542241616
318 10       0.0117746129
318 276       0.0186173662
318 225       0.0127811613
318 277        0.015643258
318 224       0.0192375479
318 162       0.0131047403
318 316       0.0134495832
318 610       0.0137930139
318 609      0.00860297816
318 403      0.00995387487
318 611      0.00639946056
318 404      0.00997389884
318 607      0.00325345512
318 319      0.00391149946
318 9       0.0176740454
318 614        0.020135732
319 228      0.00437098444
319 601       0.0103818096
319 167        0.016497334
319 323       0.0167713306
319 321      0.00764425673
319 618       0.0111458405
319 320      0.00388268206
319 165      0.00485576534
319 164      0.00507206664
319 471       0.0121710276
319 14      0.00714983811
319 405      0.00999079361
319 602       0.0125017133
319 16       0.0169030312
319 407       0.0173137791
319 118       0.0160885986
319 119       0.0200551692
319 13      0.00498077474
319 10        0.015686098
319 225          0.0166109
319 277       0.0195544009
319 162       0.0169342033
319 316       0.0173545794
319 610       0.0167033258
319 609       0.0121785978
319 403       0.0113458132
319 611       0.0103070331
319 404       0.0100004613
319 607      0.00599242407
319 318      0.00391149946
320 228       0.0030806014
320 601      0.00661835781
320 167       0.0127005627
320 323        0.012890395
320 321      0.00376157906
320 618      0.00748224866
320 165      0.00300234592
320 164      0.00851311882
320 471        0.013355284
320 14      0.00689719167
320 405      0.00999151905
320 602       0.0104275986
320 16        0.014082393
320 407       0.0147579571
320 118        0.014733433
320 119       0.0192134647
320 17       0.0198575811
320 324       0.0185707566
320 168       0.0195980621
320 619       0.0184763761
320 13       0.0071078636
320 10       0.0195687691
320 610       0.0199346063
320 609       0.0158855413
320 403       0.0137274747
320 611       0.0141879256
320 404       0.0114377695
320 607      0.00955596747
320 318      0.00779418142
320 319      0.00388268206
321 228      0.00537408076
321 601      0.00324664357
321 167      0.00908901425
321 323      0.00913154691
321 618      0.00432090199
321 320      0.00376157906
321 165      0.00486896868
321 164       0.0121064202
321 471       0.0153817582
321 14      0.00853105492
321 405       0.0113331796
321 602      0.00955304826
321 16       0.0119258336
321 407       0.0129207506
321 118       0.0143224119
321 119       0.0191202149
321 17       0.0167118545
321 232       0.0193398949
321 325       0.0200347556
321 324       0.0148239177
321 168       0.0159329342
321 409       0.0187532136
321 619       0.0156256045
321 13       0.0102034561
321 609       0.0195403523
321 403       0.0165799188
321 611       0.0179486671
321 404       0.0137575924
321 607       0.0131795997
321 318       0.0115557555
321 319      0.00764425673
323 228       0.0138247301
323 601       0.0067753279
323 167       0.0026434782
323 321      0.00913154691
323 618      0.00695597247
323 320        0.012890395
323 165       0.0133984507
323 14       0.0156855986
323 405       0.0175333286
323 602       0.0125974009
323 16       0.0107326402
323 407       0.0123058653
323 118       0.0167937782
323 17       0.0104768442
323 103       0.0159232611
323 232       0.0163880879
323 231       0.0177045597
323 169       0.0128103838
323 326       0.0146548018
323 325       0.0110926221
323 324      0.00572675842
323 623       0.0149033807
323 168      0.00724305971
323 409       0.0125264467
323 619       0.0108147125
323 327       0.0190377713
323 13       0.0186493809
323 319       0.0167713306
324 228        0.019270476
324 601       0.0122231998
324 167      0.00635924154
324 323      0.00572675842
324 321       0.0148239177
324 618       0.0125090106
324 320       0.0185707566
324 165       0.0191146358
324 602       0.0164306622
324 16       0.0129062223
324 407         0.01441024
324 118       0.0197866528
324 17      0.00861012828
324 103       0.0139529619
324 232       0.0161730282
324 231       0.0153155232
324 169      0.00742828197
324 326      0.00906122784
324 325      0.00547318089
324 623       0.0106823731
324 168       0.0025974911
324 409       0.0101523187
324 625        0.020131215
324 619       0.0102815459
324 20       0.0150554403
324 622       0.0151816537
324 327       0.0133548392
324 624       0.0161978376
324 628       0.0183296045
324 328        0.017776701
325 601       0.0172130866
325 167       0.0111075551
325 323       0.0110926221
325 321       0.0200347556
325 618       0.0179652389
325 602       0.0200173348
325 16       0.0155604814
325 407       0.0168253633
325 17      0.00870093386
325 103       0.0126271343
325 234       0.0185164828
325 232       0.0163481872
325 231       0.0133375839
325 169      0.00228455773
325 326      0.00358806034
325 324      0.00547318089
325 623      0.00704990366
325 168      0.00422120516
325 409      0.00915272118
325 625       0.0190154249
325 619       0.0111892079
325 22       0.0171562286
325 20      0.00959763434
325 107       0.0170610001
325 622       0.0100197366
325 327       0.0079586115
325 624       0.0107612895
325 628       0.0128603697
325 328       0.0125043305
325 333        0.016279632
325 413       0.0162846687
325 329       0.0170788266
325 414       0.0196465344
326 167       0.0145039747
326 323       0.0146548018
326 16        0.018013388
326 407       0.0191156363
326 17       0.0104621211
326 103       0.0130066247
326 234       0.0176271943
326 232       0.0174331225
326 231       0.0131749873
326 169      0.00223912595
326 325      0.00358806034
326 324      0.00906122784
326 623      0.00633608843
326 168       0.0075919622
326 409       0.0101913352
326 625       0.0191296167
326 619       0.0130669244
326 22       0.0137128239
326 20      0.00603670109
326 107       0.0135020689
326 622      0.00690863923
326 327       0.0045177428
326 624       0.0072246879
326 628      0.00927824529
326 328      0.00917095922
326 333       0.0126916037
326 413       0.0127703444
326 329       0.0136721115
326 414       0.0161807615
326 635       0.0181647555
327 167       0.0190050004
327 323       0.0190377713
327 17       0.0145624962
327 103       0.0160845393
327 234       0.0191742227
327 231        0.015761716
327 169      0.00669903612
327 326       0.0045177428
327 325       0.0079586115
327 324       0.0133548392
327 623      0.00926476856
327 168       0.0120867171
327 409        0.013912906
327 619       0.0171455468
327 22      0.00920914437
327 20       0.0031713341
327 107      0.00917824079
327 622      0.00597084383
327 624      0.00288914092
327 628      0.00557516687
327 328      0.00467006777
327 333       0.0086585914
327 413      0.00833555379
327 329        0.009156665
327 414       0.0116913353
327 635       0.0137732408
328 17       0.0191296689
328 103       0.0201300908
328 231       0.0195248521
328 169       0.0113679287
328 326      0.00917095922
328 325       0.0125043305
328 324        0.017776701
328 623       0.0134866991
328 168       0.0166887766
328 409       0.0183289215
328 22      0.00475709376
328 20      0.00540720898
328 107      0.00547725342
328 622      0.00852466099
328 327      0.00467006777
328 624      0.00274608016
328 628      0.00468718616
328 333      0.00588862802
328 413      0.00429040324
328 329      0.00460691969
328 414      0.00726467157
328 635       0.0096292382
329 169       0.0158225673
329 326       0.0136721115
329 325       0.0170788266
329 623        0.017305957
329 22     0.000529461991
329 20      0.00892128836
329 107      0.00291751572
329 622       0.0114961372
329 327        0.009156665
329 624      0.00661919121
329 628      0.00647877617
329 328      0.00460691969
329 333      0.00473385181
329 413      0.00192150384
329 414      0.00271070839
329 635      0.00530818879
416 417      0.00605244182
416 418       0.0120668236
416 419       0.0179610259
417 416      0.00605244182
417 418      0.00604036464
417 419       0.0119519318
417 420       0.0166722615
418 416       0.0120668236
418 417      0.00604036464
418 419      0.00591309268
418 420        0.010633833
418 421        0.017679048
419 378       0.0185167039
419 416       0.0179610259
419 417       0.0119519318
419 418      0.00591309268
419 420      0.00472074073
419 421       0.0117667671
419 422       0.0180085781
420 210       0.0185922656
420 378       0.0162597075
420 417       0.0166722615
420 418        0.010633833
420 419      0.00472074073
420 421      0.00704756369
420 422       0.0133325347
420 423       0.0190274657
421 379        0.018496843
421 210       0.0129603365
421 378       0.0149382728
421 418        0.017679048
421 419       0.0117667671
421 420      0.00704756369
421 422      0.00655717165
421 423       0.0124363885
422 211       0.0200630312
422 379       0.0194008844
422 210        0.012190837
